(1,2) 2100.000000 6.000039
(1,3) 12650.403864 4.051221
(2,1) 6550.403864 6.003682
(2,6) 0.000000 1000000000.000000
(3,1) 8200.000000 4.009042
(3,4) 19099.808250 4.931567
(3,12) 10172.069168 4.021412
(4,3) 15439.620871 4.397781
(4,5) 22998.074361 2.839242
(4,11) 5177.910111 7.114166
(5,4) 19415.797093 2.426326
(5,6) 10895.613920 18.107203
(5,9) 16602.460440 10.698376
(6,2) 4450.403864 5.486821
(6,5) 8224.332809 8.579697
(6,8) 11019.437698 9.682020
(7,8) 12275.772555 5.702354
(7,18) 15381.128862 2.055970
(8,6) 12798.560451 15.979197
(8,7) 11481.128862 5.067690
(8,9) 6825.411653 15.004661
(8,16) 8084.937653 9.943563
(9,5) 15691.464285 9.546897
(9,8) 7446.628817 17.090847
(9,10) 21955.831624 5.788565
(10,9) 21766.052632 5.693394
(10,11) 17773.343330 12.484069
(10,15) 23260.202699 13.903469
(10,16) 11241.785787 21.249042
(10,17) 8300.000000 17.159456
(11,4) 5200.000000 7.133300
(11,10) 18012.933511 12.895853
(11,12) 8367.236184 13.597309
(11,14) 9849.900567 13.987178
(12,3) 9381.852682 4.015495
(12,11) 8818.147318 15.372190
(12,13) 12439.305352 3.023943
(13,12) 12200.000000 3.022153
(13,24) 11382.044432 18.987616
(14,11) 9760.669503 13.630167
(14,15) 9214.137543 12.820752
(14,23) 8418.069795 9.122126
(15,10) 23105.149532 13.694828
(15,14) 9132.466228 12.547134
(15,19) 19860.766658 4.555908
(15,22) 18511.561107 9.223691
(16,8) 8448.199550 10.893727
(16,10) 11067.469781 20.203810
(16,17) 11591.961673 9.240559
(16,18) 14831.129910 3.145150
(17,10) 8100.000000 16.308017
(17,16) 11789.284399 9.746297
(17,19) 9910.715601 7.344780
(18,7) 16175.772555 2.068464
(18,16) 14822.753074 3.144823
(18,20) 18697.136702 4.244416
(19,15) 19619.273716 4.481603
(19,17) 9908.038327 7.339007
(19,20) 8933.927044 10.102884
(20,18) 19383.403558 4.282326
(20,19) 8689.756827 9.462557
(20,21) 6289.284399 8.148204
(20,22) 6923.823778 7.596943
(21,20) 6455.204817 8.384024
(21,22) 8627.083971 4.221266
(21,24) 10343.217293 12.041692
(22,15) 18416.329568 9.096607
(22,20) 7100.000000 7.871520
(22,21) 8653.932894 4.249047
(22,23) 9684.772192 12.445568
(23,14) 8410.510047 9.103751
(23,22) 9792.565797 12.827896
(23,24) 7999.521787 3.846854
(24,13) 11042.739080 17.278796
(24,21) 10482.288788 12.537874
(24,23) 8099.755644 3.941173
